|       Size N      |Average clock time time|Average average_ob|Maximum max_ob|Minimum min_ob|
|         100          |        312.500        |        2495.215        |        2932        |        2115        |
|         110          |        390.625        |        2992.065        |        3567        |        2503        |
|         120          |        390.625        |        3564.520        |        4180        |        3054        |
|         130          |        468.750        |        4183.280        |        4899        |        3477        |
|         140          |        468.750        |        4877.070        |        5652        |        4056        |
|         150          |        703.125        |        5568.365        |        6323        |        4603        |
|         160          |        546.875        |        6404.555        |        7332        |        5557        |
|         170          |        625.000        |        7186.900        |        8343        |        6090        |
|         180          |        1250.000        |        8060.540        |        9041        |        6789        |
|         190          |        1171.875        |        8965.240        |        10649        |        7987        |
|         200          |        1171.875        |        9953.705        |        11151        |        8731        |
|         210          |        1171.875        |        11055.830        |        12137        |        9886        |
|         220          |        1250.000        |        12036.550        |        13651        |        10392        |
|         230          |        1484.375        |        13199.195        |        14499        |        11966        |
|         240          |        1640.625        |        14364.080        |        16387        |        12562        |
|         250          |        1718.750        |        15588.300        |        17420        |        13401        |
|         260          |        2031.250        |        16902.340        |        18528        |        14569        |
|         270          |        1953.125        |        18077.115        |        19946        |        16257        |
|         280          |        2265.625        |        19511.105        |        21279        |        16939        |
|         290          |        2578.125        |        20878.180        |        23310        |        18702        |
|         300          |        2578.125        |        22410.930        |        24842        |        19927        |
|         310          |        2968.750        |        23934.325        |        26434        |        21988        |
|         320          |        3046.875        |        25566.365        |        28210        |        23484        |
|         330          |        3203.125        |        27223.835        |        29807        |        24262        |
|         340          |        3437.500        |        28708.385        |        31154        |        25711        |
|         350          |        3359.375        |        30551.385        |        32959        |        27622        |
|         360          |        3750.000        |        32400.635        |        36351        |        29903        |
|         370          |        3906.250        |        34019.115        |        37037        |        30159        |
|         380          |        7421.875        |        35988.395        |        39139        |        33077        |
|         390          |        6406.250        |        37955.470        |        40757        |        34506        |
|         400          |        4687.500        |        39828.710        |        43578        |        36512        |
|         410          |        4609.375        |        41821.705        |        45877        |        38646        |
|         420          |        5234.375        |        44105.035        |        47705        |        40558        |
|         430          |        5703.125        |        46139.095        |        49301        |        42887        |
|         440          |        6015.625        |        48374.240        |        52785        |        43214        |
|         450          |        6250.000        |        50532.615        |        55327        |        47452        |
|         460          |        6406.250        |        52950.000        |        58340        |        48479        |
|         470          |        6171.875        |        55223.255        |        59795        |        51038        |
|         480          |        7109.375        |        57402.585        |        62088        |        51360        |
|         490          |        7187.500        |        59833.420        |        64449        |        54775        |
